Date	OverdueClienta	Clients past due 30 days	Clients past due 30-60 days	Clients past due 60-90 days	Clients past due 90-120 days
28.02.2021	 7 000 	 3 400 	 1 400 	 600 	 1 600 
31.03.2021	 7 000 	 3 600 	 1 600 	 400 	 1 400 
30.04.2021	 7 000 	 3 800 	 1 800 	 200 	 1 200 
31.05.2021	 7 100 	 4 000 	 2 000 	 100 	 1 000 
30.06.2021	 7 400 	 4 200 	 2 200 	 200 	 800 
31.07.2021	 7 800 	 4 400 	 2 400 	 400 	 600 
31.08.2021	 8 200 	 4 600 	 2 600 	 600 	 400 
30.09.2021	 8 600 	 4 800 	 2 800 	 800 	 200 
31.10.2021	 9 000 	 5 000 	 3 000 	 1 000 	 -   
30.11.2021	 9 800 	 5 200 	 3 200 	 1 200 	 200 
31.12.2021	 10 600 	 5 400 	 3 400 	 1 400 	 400 
31.01.2022	 11 400 	 5 600 	 3 600 	 1 600 	 600 
28.02.2022	 12 200 	 5 800 	 3 800 	 1 800 	 800 
31.03.2022	 13 000 	 6 000 	 4 000 	 2 000 	 1 000 
30.04.2022	 13 800 	 6 200 	 4 200 	 2 200 	 1 200 
31.05.2022	 14 600 	 6 400 	 4 400 	 2 400 	 1 400 
30.06.2022	 15 400 	 6 600 	 4 600 	 2 600 	 1 600 
31.07.2022	 16 200 	 6 800 	 4 800 	 2 800 	 1 800 
31.08.2022	 17 000 	 7 000 	 5 000 	 3 000 	 2 000 
30.09.2022	 17 800 	 7 200 	 5 200 	 3 200 	 2 200 
31.10.2022	 18 600 	 7 400 	 5 400 	 3 400 	 2 400 
30.11.2022	 19 400 	 7 600 	 5 600 	 3 600 	 2 600 
31.12.2022	 20 200 	 7 800 	 5 800 	 3 800 	 2 800 
31.01.2023	 21 000 	 8 000 	 6 000 	 4 000 	 3 000 
