Date	TotalClients	OverdueClients	TotalOverdue
28.02.2021	 69 	0	€ 0
31.03.2021	 305 	0	€ 0
30.04.2021	 730 	0	€ 0
31.05.2021	 1 320 	63	€ 312 027
30.06.2021	 1 861 	 120 	€ 486 483
31.07.2021	 2 437 	 210 	€ 665 732
31.08.2021	 3 183 	 288 	€ 930 294
30.09.2021	 3 601 	 467 	€ 1 176 818
31.10.2021	 4 093 	 738 	€ 1 387 336
30.11.2021	 4 615 	 968 	€ 1 611 364
31.12.2021	 5 198 	 1 478 	€ 1 799 599
31.01.2022	 5 844 	 1 770 	€ 1 983 541
28.02.2022	 6 473 	 1 727 	€ 2 244 160
31.03.2022	 7 254 	 2 007 	€ 2 483 201
30.04.2022	 7 840 	 2 302 	€ 2 787 115
31.05.2022	 8 666 	 2 717 	€ 3 124 670
30.06.2022	 9 225 	 3 020 	€ 3 371 395
31.07.2022	 9 597 	 3 408 	€ 3 529 024
31.08.2022	 9 923 	 3 679 	€ 3 741 229
30.09.2022	 10 263 	 3 987 	€ 3 940 710
31.10.2022	 10 585 	 4 290 	€ 4 097 304
30.11.2022	 10 930 	 4 592 	€ 4 283 082
31.12.2022	 11 223 	 4 861 	€ 4 460 781
31.01.2023	 11 604 	 5 046 	€ 4 674 825
